91008
92397
90002
90001
90004
90003
90006
90005
90008
90007
90010
90012
90011
90014
90013
90016
90015
90018
91042
91101
91103
91105
93534
91104
93532
91107
93536
91106
93535
91108
93543
93544
91123
93551
93550
93553
93552
91182
93563
93590
91189
91202
91201
93591
91204
91203
91206
91205
91208
91207
91210
91214
91302
91301
91304
91303
91306
91307
91310
91311
91316
91321
91325
91324
91326
91331
91330
91335
91340
91343
91342
91345
91344
91350
91346
91352
91351
91354
91356
91355
91357
91361
91364
91367
91365
91381
91380
91384
91387
91390
91402
91401
91403
91406
91405
91411
91423
91436
91495
91501
91502
91505
91504
91506
91602
91601
91604
91606
91605
91607
91614
91706
91702
91711
91722
91724
91723
91732
91731
91733
91735
91740
91741
91745
91744
91747
91746
91748
91750
91755
91754
91759
91765
91767
91766
91768
91770
91773
91772
91776
91775
91780
91778
91790
91789
91792
91791
91793
91801
91803
90017
90020
90019
90022
90021
90024
90023
90026
90025
90028
90027
92821
90029
90032
90031
90034
90033
90036
90035
90038
90037
90040
90039
90042
90041
90044
90043
90046
90045
90048
90047
90049
90052
90056
90058
90057
90060
90059
90062
90061
90064
90063
90066
90065
90068
90067
90069
90071
90074
90077
90084
90089
90088
90095
90094
90096
90201
90189
90211
90210
90212
90221
90220
90222
90230
90232
90241
90240
90245
90242
90248
90247
90250
90249
90254
90260
90255
90262
90263
90266
90265
90270
90274
90272
90277
90275
90280
90278
90291
90290
90293
90292
90301
90296
90303
90302
90305
90304
90402
90401
90404
90403
90406
93243
90405
90501
90503
90502
90505
90504
90508
90601
90603
90602
90605
90604
90606
90631
90639
90638
90650
90640
90660
90670
90702
90701
90704
90703
90706
90710
90713
90712
90715
90717
90716
90731
90723
90733
90732
90745
90744
90747
90746
90755
90803
90802
90805
90804
90807
90806
90808
90813
90810
90815
90814
90840
92806
92805
92808
92807
92815
92823
92822
92831
92833
92832
92835
92840
92841
92844
92843
92845
92861
92865
92867
92866
92869
92868
92870
92885
92887
92886
92530
92602
92604
92603
92606
92605
92607
92612
92610
92615
90621
92614
90620
90623
92617
90630
92618
92620
92625
92624
92627
92626
92629
92637
92630
92647
92646
92649
92648
92651
92653
90680
92655
92654
92657
92656
92661
92660
92663
92662
92673
92672
92675
92677
90720
92676
92679
92678
92683
90740
92688
90743
92691
90742
92692
92697
92694
92701
92703
92705
92704
92707
92706
92708
92780
92782
92802
92801
92804
92803
90895
91001
91006
91007
91011
91010
91016
91020
91017
93510
91023
91024
91030
91040
91043